0.0281741968359
0.364363483058
0.121816436145
0.429941114071
0.253945237065
0.200145108687
0.353761345529
0.565789319119
0.0616863582543
0.210245063671
0.483281538107
0.129140491671
0.00432475917048
0.293621828043
0.866938929137
1.03203130112
0.623373449041
0.475964919513
0.564399357139
0.0626945353931
0.723105622346
0.11515096443
0.0250941991319
0.28859824442
0.146460833069
0.339064282686
0.285096502141
0.0603877101379
0.149663025952
0.06834768015
0.0251337008183
0.594360580872
0.0288608201935
0.0565210645034
0.232417090161
0.179098512539
0.249699824156
0.481780731649
1.48936834489
0.213399206854
0.169586220646
0.746021444618
0.0574070220997
0.25175547375
0.0815323527863
0.0105818766769
0.13504188647
0.468297811823
0.026856491396
0.112389104114
